0.00000 -0.00009 -0.00005 -0.00007 -0.00016 -0.00033 -0.00058 -0.00091 -0.00131 -0.00178 -0.00231 -0.00290 -0.00355 -0.00426 -0.00502 -0.00583 -0.00669 -0.00759 -0.00853 -0.00950 -0.01050 -0.01153 -0.01259 -0.01365 -0.01473 -0.01582 -0.01692 -0.01802 -0.01912 -0.02023 -0.02135 -0.02250 -0.02368 -0.02493 -0.02627 -0.02775 -0.02944 -0.03141 -0.03380 -0.03678 -0.04059 -0.04559 -0.05232 -0.06161 -0.07477 -0.09400 -0.12284 -0.16650 -0.22783 -0.27411 0.00000 -0.00000 
0.00000 0.00009 0.00005 0.00007 0.00016 0.00033 0.00058 0.00091 0.00131 0.00178 0.00231 0.00290 0.00356 0.00426 0.00502 0.00583 0.00669 0.00759 0.00853 0.00950 0.01051 0.01154 0.01259 0.01366 0.01474 0.01583 0.01692 0.01802 0.01912 0.02023 0.02136 0.02250 0.02369 0.02493 0.02627 0.02775 0.02944 0.03141 0.03381 0.03678 0.04059 0.04559 0.05232 0.06161 0.07477 0.09400 0.12284 0.16650 0.22783 0.27411 0.03802 0.00000 
0.00000 0.00016 0.00026 0.00046 0.00083 0.00138 0.00212 0.00305 0.00416 0.00545 0.00691 0.00853 0.01030 0.01222 0.01428 0.01647 0.01879 0.02121 0.02374 0.02637 0.02908 0.03185 0.03469 0.03757 0.04048 0.04342 0.04639 0.04936 0.05235 0.05536 0.05841 0.06152 0.06472 0.06808 0.07167 0.07559 0.08000 0.08507 0.09107 0.09834 0.10735 0.11870 0.13322 0.15194 0.17609 0.20680 0.24387 0.28182 0.29850 0.23300 0.03164 0.00000 
0.00000 0.00023 0.00050 0.00096 0.00165 0.00259 0.00381 0.00529 0.00704 0.00905 0.01131 0.01381 0.01654 0.01948 0.02264 0.02600 0.02953 0.03324 0.03711 0.04111 0.04524 0.04948 0.05380 0.05820 0.06265 0.06714 0.07165 0.07620 0.08076 0.08534 0.08998 0.09468 0.09952 0.10454 0.10985 0.11557 0.12188 0.12899 0.13719 0.14683 0.15833 0.17219 0.18893 0.20894 0.23216 0.25716 0.27927 0.28661 0.25479 0.15322 0.01994 0.00000 
0.00000 0.00030 0.00076 0.00148 0.00250 0.00383 0.00549 0.00748 0.00980 0.01244 0.01538 0.01863 0.02216 0.02598 0.03005 0.03437 0.03893 0.04370 0.04866 0.05381 0.05911 0.06455 0.07010 0.07574 0.08145 0.08721 0.09300 0.09881 0.10464 0.11049 0.11638 0.12232 0.12838 0.13460 0.14109 0.14796 0.15536 0.16349 0.17257 0.18284 0.19457 0.20793 0.22296 0.23924 0.25543 0.26835 0.27145 0.25301 0.19705 0.09892 0.01248 0.00000 
0.00000 0.00037 0.00101 0.00199 0.00332 0.00501 0.00708 0.00952 0.01234 0.01551 0.01905 0.02292 0.02713 0.03166 0.03649 0.04160 0.04699 0.05263 0.05850 0.06457 0.07083 0.07724 0.08379 0.09043 0.09716 0.10394 0.11074 0.11757 0.12439 0.13121 0.13803 0.14487 0.15176 0.15876 0.16593 0.17336 0.18116 0.18944 0.19834 0.20796 0.21833 0.22933 0.24051 0.25084 0.25826 0.25896 0.24670 0.21277 0.14992 0.06590 0.00814 0.00000 
0.00000 0.00044 0.00123 0.00244 0.00406 0.00608 0.00851 0.01135 0.01459 0.01823 0.02225 0.02665 0.03141 0.03652 0.04196 0.04772 0.05378 0.06012 0.06671 0.07353 0.08055 0.08774 0.09508 0.10253 0.11006 0.11763 0.12523 0.13283 0.14040 0.14792 0.15541 0.16284 0.17025 0.17765 0.18508 0.19259 0.20022 0.20802 0.21601 0.22414 0.23225 0.23996 0.24651 0.25056 0.24979 0.24062 0.21804 0.17670 0.11535 0.04590 0.00559 0.00000 
0.00000 0.00049 0.00142 0.00283 0.00469 0.00700 0.00974 0.01292 0.01652 0.02054 0.02496 0.02979 0.03500 0.04057 0.04651 0.05278 0.05937 0.06626 0.07342 0.08083 0.08845 0.09626 0.10421 0.11229 0.12044 0.12863 0.13682 0.14499 0.15309 0.16111 0.16901 0.17679 0.18443 0.19194 0.19930 0.20653 0.21360 0.22049 0.22713 0.23333 0.23880 0.24298 0.24498 0.24335 0.23589 0.21961 0.19094 0.14728 0.09063 0.03346 0.00403 0.00000 
0.00000 0.00053 0.00158 0.00315 0.00522 0.00776 0.01077 0.01422 0.01812 0.02244 0.02719 0.03235 0.03791 0.04385 0.05017 0.05684 0.06384 0.07115 0.07875 0.08661 0.09470 0.10298 0.11141 0.11995 0.12857 0.13722 0.14585 0.15442 0.16288 0.17120 0.17934 0.18726 0.19493 0.20231 0.20936 0.21606 0.22233 0.22807 0.23313 0.23726 0.24005 0.24090 0.23884 0.23250 0.21999 0.19899 0.16721 0.12401 0.07290 0.02545 0.00303 0.00000 
0.00000 0.00057 0.00170 0.00341 0.00564 0.00837 0.01158 0.01526 0.01938 0.02395 0.02894 0.03435 0.04018 0.04639 0.05299 0.05995 0.06726 0.07490 0.08282 0.09102 0.09945 0.10808 0.11687 0.12577 0.13473 0.14370 0.15263 0.16147 0.17016 0.17864 0.18686 0.19477 0.20230 0.20939 0.21599 0.22200 0.22732 0.23181 0.23526 0.23736 0.23767 0.23554 0.23009 0.22008 0.20396 0.18005 0.14714 0.10572 0.05997 0.02009 0.00237 0.00000 
0.00000 0.00059 0.00179 0.00359 0.00595 0.00883 0.01219 0.01603 0.02032 0.02506 0.03023 0.03582 0.04183 0.04823 0.05503 0.06220 0.06972 0.07758 0.08574 0.09418 0.10286 0.11174 0.12078 0.12993 0.13913 0.14833 0.15746 0.16646 0.17526 0.18380 0.19199 0.19977 0.20706 0.21377 0.21981 0.22507 0.22940 0.23264 0.23453 0.23476 0.23286 0.22823 0.22005 0.20728 0.18871 0.16321 0.13035 0.09130 0.05036 0.01635 0.00191 0.00000 
0.00000 0.00061 0.00185 0.00372 0.00617 0.00914 0.01260 0.01655 0.02095 0.02579 0.03107 0.03677 0.04289 0.04942 0.05633 0.06363 0.07129 0.07928 0.08760 0.09620 0.10504 0.11410 0.12331 0.13262 0.14198 0.15132 0.16057 0.16966 0.17849 0.18700 0.19509 0.20268 0.20966 0.21593 0.22138 0.22586 0.22923 0.23128 0.23175 0.23031 0.22654 0.21986 0.20956 0.19479 0.17465 0.14848 0.11634 0.07980 0.04305 0.01366 0.00158 0.00000 
0.00000 0.00062 0.00189 0.00380 0.00629 0.00931 0.01283 0.01683 0.02128 0.02617 0.03149 0.03724 0.04340 0.04997 0.05694 0.06429 0.07201 0.08008 0.08847 0.09716 0.10610 0.11526 0.12457 0.13399 0.14344 0.15286 0.16217 0.17128 0.18009 0.18852 0.19647 0.20381 0.21046 0.21627 0.22113 0.22487 0.22733 0.22830 0.22751 0.22465 0.21931 0.21100 0.19910 0.18294 0.16189 0.13565 0.10460 0.07053 0.03738 0.01165 0.00134 0.00000 
0.00000 0.00062 0.00190 0.00382 0.00632 0.00935 0.01288 0.01688 0.02133 0.02621 0.03152 0.03725 0.04339 0.04994 0.05689 0.06423 0.07195 0.08002 0.08843 0.09714 0.10612 0.11532 0.12468 0.13414 0.14364 0.15309 0.16241 0.17150 0.18026 0.18858 0.19635 0.20345 0.20975 0.21512 0.21942 0.22248 0.22411 0.22412 0.22225 0.21820 0.21161 0.20202 0.18895 0.17188 0.15041 0.12447 0.09469 0.06295 0.03288 0.01011 0.00115 0.00000 
0.00000 0.00062 0.00189 0.00379 0.00628 0.00928 0.01277 0.01672 0.02111 0.02592 0.03116 0.03681 0.04287 0.04935 0.05622 0.06349 0.07114 0.07916 0.08752 0.09620 0.10515 0.11434 0.12370 0.13317 0.14267 0.15212 0.16141 0.17046 0.17914 0.18734 0.19493 0.20179 0.20777 0.21273 0.21651 0.21896 0.21988 0.21907 0.21629 0.21127 0.20368 0.19314 0.17925 0.16164 0.14008 0.11470 0.08626 0.05666 0.02924 0.00889 0.00100 0.00000 
0.00000 0.00061 0.00186 0.00372 0.00615 0.00909 0.01250 0.01635 0.02063 0.02533 0.03043 0.03595 0.04187 0.04820 0.05494 0.06207 0.06960 0.07750 0.08577 0.09436 0.10324 0.11237 0.12169 0.13112 0.14059 0.15001 0.15926 0.16825 0.17684 0.18492 0.19234 0.19897 0.20466 0.20925 0.21259 0.21451 0.21483 0.21334 0.20983 0.20404 0.19569 0.18447 0.17004 0.15218 0.13078 0.10609 0.07901 0.05136 0.02624 0.00791 0.00089 0.00000 
0.00000 0.00060 0.00180 0.00361 0.00596 0.00879 0.01207 0.01578 0.01990 0.02443 0.02935 0.03467 0.04040 0.04653 0.05306 0.06001 0.06735 0.07509 0.08320 0.09165 0.10042 0.10944 0.11867 0.12804 0.13744 0.14680 0.15600 0.16491 0.17342 0.18138 0.18865 0.19509 0.20053 0.20481 0.20778 0.20927 0.20910 0.20707 0.20299 0.19662 0.18772 0.17602 0.16131 0.14341 0.12234 0.09845 0.07269 0.04684 0.02373 0.00709 0.00079 0.00000 
0.00000 0.00058 0.00173 0.00346 0.00569 0.00838 0.01150 0.01502 0.01894 0.02324 0.02792 0.03299 0.03846 0.04433 0.05061 0.05731 0.06441 0.07192 0.07982 0.08808 0.09668 0.10556 0.11466 0.12392 0.13324 0.14251 0.15164 0.16048 0.16891 0.17677 0.18391 0.19019 0.19543 0.19947 0.20215 0.20331 0.20276 0.20032 0.19582 0.18904 0.17977 0.16781 0.15300 0.13523 0.11462 0.09160 0.06713 0.04292 0.02158 0.00640 0.00070 0.00000 
0.00000 0.00055 0.00164 0.00326 0.00535 0.00787 0.01079 0.01408 0.01773 0.02176 0.02615 0.03092 0.03607 0.04163 0.04759 0.05397 0.06078 0.06800 0.07563 0.08365 0.09203 0.10072 0.10965 0.11877 0.12796 0.13714 0.14618 0.15495 0.16329 0.17107 0.17812 0.18428 0.18937 0.19324 0.19572 0.19664 0.19583 0.19312 0.18833 0.18130 0.17184 0.15978 0.14502 0.12754 0.10749 0.08537 0.06214 0.03947 0.01970 0.00581 0.00063 0.00000 
0.00000 0.00053 0.00154 0.00303 0.00495 0.00726 0.00993 0.01295 0.01630 0.02000 0.02405 0.02846 0.03324 0.03842 0.04401 0.05002 0.05646 0.06334 0.07064 0.07836 0.08646 0.09490 0.10363 0.11256 0.12161 0.13066 0.13960 0.14828 0.15656 0.16427 0.17126 0.17734 0.18235 0.18611 0.18847 0.18925 0.18829 0.18543 0.18051 0.17337 0.16386 0.15186 0.13730 0.12021 0.10081 0.07962 0.05762 0.03636 0.01804 0.00528 0.00057 0.00000 
0.00000 0.00049 0.00141 0.00276 0.00448 0.00655 0.00894 0.01164 0.01465 0.01797 0.02162 0.02562 0.02997 0.03472 0.03987 0.04544 0.05146 0.05793 0.06485 0.07220 0.07997 0.08811 0.09657 0.10527 0.11413 0.12303 0.13185 0.14044 0.14865 0.15632 0.16327 0.16932 0.17430 0.17803 0.18035 0.18109 0.18010 0.17721 0.17228 0.16517 0.15576 0.14396 0.12973 0.11314 0.09446 0.07423 0.05343 0.03352 0.01652 0.00480 0.00051 0.00000 
0.00000 0.00046 0.00127 0.00245 0.00395 0.00574 0.00782 0.01016 0.01278 0.01568 0.01888 0.02241 0.02629 0.03054 0.03519 0.04027 0.04579 0.05178 0.05824 0.06517 0.07253 0.08031 0.08845 0.09688 0.10550 0.11421 0.12289 0.13137 0.13952 0.14715 0.15409 0.16015 0.16516 0.16893 0.17130 0.17210 0.17117 0.16837 0.16357 0.15662 0.14745 0.13597 0.12219 0.10621 0.08832 0.06909 0.04948 0.03087 0.01512 0.00435 0.00046 0.00000 
0.00000 0.00041 0.00111 0.00210 0.00335 0.00485 0.00657 0.00852 0.01071 0.01315 0.01585 0.01886 0.02220 0.02590 0.02999 0.03450 0.03947 0.04492 0.05085 0.05727 0.06416 0.07151 0.07926 0.08734 0.09568 0.10416 0.11265 0.12101 0.12908 0.13668 0.14363 0.14975 0.15483 0.15872 0.16122 0.16217 0.16143 0.15884 0.15428 0.14763 0.13882 0.12779 0.11458 0.09930 0.08229 0.06410 0.04568 0.02834 0.01378 0.00393 0.00040 0.00000 
0.00000 0.00037 0.00093 0.00172 0.00270 0.00387 0.00521 0.00673 0.00845 0.01038 0.01255 0.01499 0.01774 0.02083 0.02430 0.02819 0.03252 0.03735 0.04267 0.04851 0.05485 0.06169 0.06897 0.07665 0.08463 0.09282 0.10109 0.10930 0.11727 0.12484 0.13182 0.13802 0.14323 0.14729 0.15001 0.15121 0.15075 0.14849 0.14430 0.13809 0.12977 0.11932 0.10678 0.09231 0.07625 0.05917 0.04196 0.02587 0.01249 0.00351 0.00035 0.00000 
0.00000 0.00031 0.00073 0.00130 0.00200 0.00281 0.00375 0.00482 0.00603 0.00742 0.00901 0.01084 0.01295 0.01537 0.01816 0.02135 0.02499 0.02911 0.03375 0.03892 0.04462 0.05086 0.05759 0.06478 0.07233 0.08017 0.08816 0.09616 0.10401 0.11154 0.11855 0.12485 0.13025 0.13454 0.13754 0.13909 0.13903 0.13721 0.13352 0.12786 0.12016 0.11042 0.09869 0.08514 0.07011 0.05419 0.03824 0.02343 0.01120 0.00310 0.00030 0.00000 
0.00000 0.00026 0.00053 0.00086 0.00125 0.00170 0.00220 0.00279 0.00348 0.00429 0.00527 0.00644 0.00786 0.00957 0.01161 0.01405 0.01691 0.02026 0.02412 0.02854 0.03351 0.03905 0.04514 0.05173 0.05877 0.06617 0.07380 0.08155 0.08924 0.09670 0.10374 0.11016 0.11576 0.12034 0.12371 0.12569 0.12613 0.12487 0.12180 0.11682 0.10989 0.10098 0.09018 0.07766 0.06378 0.04910 0.03445 0.02095 0.00991 0.00268 0.00025 0.00000 
0.00000 0.00020 0.00031 0.00040 0.00047 0.00053 0.00060 0.00068 0.00082 0.00103 0.00136 0.00185 0.00254 0.00349 0.00474 0.00635 0.00837 0.01086 0.01387 0.01743 0.02157 0.02631 0.03164 0.03754 0.04395 0.05081 0.05801 0.06542 0.07288 0.08024 0.08728 0.09383 0.09966 0.10457 0.10837 0.11087 0.11190 0.11132 0.10900 0.10485 0.09880 0.09088 0.08114 0.06978 0.05715 0.04381 0.03055 0.01840 0.00857 0.00225 0.00020 0.00000 
0.00000 0.00014 0.00009 -0.00007 -0.00033 -0.00066 -0.00105 -0.00148 -0.00191 -0.00231 -0.00265 -0.00287 -0.00294 -0.00280 -0.00240 -0.00167 -0.00055 0.00101 0.00306 0.00567 0.00888 0.01270 0.01716 0.02224 0.02791 0.03412 0.04077 0.04774 0.05491 0.06209 0.06911 0.07576 0.08183 0.08711 0.09140 0.09449 0.09622 0.09643 0.09498 0.09179 0.08678 0.07998 0.07144 0.06138 0.05013 0.03824 0.02646 0.01574 0.00718 0.00179 0.00015 0.00000 
0.00000 0.00008 -0.00014 -0.00055 -0.00113 -0.00186 -0.00271 -0.00365 -0.00465 -0.00568 -0.00670 -0.00765 -0.00851 -0.00921 -0.00969 -0.00989 -0.00975 -0.00920 -0.00817 -0.00661 -0.00446 -0.00167 0.00179 0.00592 0.01072 0.01613 0.02211 0.02854 0.03529 0.04222 0.04915 0.05587 0.06217 0.06783 0.07265 0.07642 0.07894 0.08004 0.07960 0.07750 0.07368 0.06815 0.06098 0.05236 0.04264 0.03232 0.02212 0.01293 0.00571 0.00131 0.00009 0.00000 
0.00000 0.00002 -0.00036 -0.00102 -0.00193 -0.00305 -0.00435 -0.00580 -0.00737 -0.00902 -0.01072 -0.01242 -0.01407 -0.01563 -0.01703 -0.01820 -0.01909 -0.01962 -0.01971 -0.01929 -0.01830 -0.01667 -0.01435 -0.01131 -0.00754 -0.00306 0.00209 0.00783 0.01405 0.02062 0.02736 0.03409 0.04058 0.04663 0.05201 0.05650 0.05989 0.06200 0.06269 0.06183 0.05935 0.05525 0.04961 0.04260 0.03456 0.02597 0.01749 0.00994 0.00414 0.00080 0.00003 0.00000 
0.00000 -0.00004 -0.00058 -0.00148 -0.00269 -0.00419 -0.00593 -0.00788 -0.01000 -0.01226 -0.01463 -0.01707 -0.01953 -0.02195 -0.02429 -0.02648 -0.02844 -0.03010 -0.03138 -0.03220 -0.03247 -0.03212 -0.03108 -0.02929 -0.02671 -0.02334 -0.01919 -0.01430 -0.00877 -0.00271 0.00373 0.01038 0.01701 0.02341 0.02934 0.03459 0.03893 0.04215 0.04409 0.04461 0.04363 0.04115 0.03721 0.03199 0.02581 0.01911 0.01251 0.00672 0.00246 0.00025 -0.00004 0.00000 
0.00000 -0.00010 -0.00078 -0.00191 -0.00342 -0.00527 -0.00742 -0.00984 -0.01249 -0.01534 -0.01836 -0.02152 -0.02476 -0.02806 -0.03134 -0.03455 -0.03762 -0.04046 -0.04300 -0.04514 -0.04678 -0.04783 -0.04820 -0.04781 -0.04660 -0.04452 -0.04155 -0.03771 -0.03306 -0.02768 -0.02169 -0.01527 -0.00861 -0.00192 0.00455 0.01057 0.01590 0.02031 0.02362 0.02567 0.02636 0.02567 0.02363 0.02041 0.01628 0.01166 0.00711 0.00325 0.00065 -0.00035 -0.00011 0.00000 
0.00000 -0.00015 -0.00097 -0.00230 -0.00408 -0.00625 -0.00878 -0.01163 -0.01478 -0.01818 -0.02182 -0.02566 -0.02967 -0.03381 -0.03802 -0.04226 -0.04644 -0.05050 -0.05434 -0.05786 -0.06096 -0.06352 -0.06545 -0.06662 -0.06695 -0.06636 -0.06479 -0.06222 -0.05866 -0.05417 -0.04884 -0.04281 -0.03626 -0.02940 -0.02246 -0.01569 -0.00935 -0.00368 0.00111 0.00483 0.00736 0.00865 0.00872 0.00770 0.00586 0.00354 0.00124 -0.00052 -0.00131 -0.00098 -0.00019 0.00000 
0.00000 -0.00019 -0.00113 -0.00264 -0.00465 -0.00711 -0.00998 -0.01322 -0.01680 -0.02071 -0.02492 -0.02940 -0.03413 -0.03907 -0.04419 -0.04943 -0.05472 -0.05999 -0.06516 -0.07011 -0.07473 -0.07891 -0.08251 -0.08540 -0.08745 -0.08855 -0.08860 -0.08754 -0.08533 -0.08198 -0.07755 -0.07214 -0.06589 -0.05901 -0.05173 -0.04428 -0.03695 -0.02998 -0.02364 -0.01812 -0.01359 -0.01012 -0.00771 -0.00627 -0.00559 -0.00536 -0.00517 -0.00463 -0.00343 -0.00168 -0.00027 0.00000 
0.00000 -0.00023 -0.00126 -0.00292 -0.00513 -0.00783 -0.01098 -0.01455 -0.01852 -0.02286 -0.02757 -0.03263 -0.03802 -0.04371 -0.04968 -0.05587 -0.06224 -0.06871 -0.07519 -0.08159 -0.08778 -0.09364 -0.09902 -0.10375 -0.10770 -0.11069 -0.11260 -0.11331 -0.11273 -0.11082 -0.10758 -0.10307 -0.09739 -0.09072 -0.08327 -0.07527 -0.06701 -0.05876 -0.05080 -0.04338 -0.03668 -0.03082 -0.02583 -0.02168 -0.01819 -0.01513 -0.01220 -0.00911 -0.00575 -0.00243 -0.00036 0.00000 
0.00000 -0.00026 -0.00136 -0.00313 -0.00549 -0.00837 -0.01175 -0.01558 -0.01986 -0.02457 -0.02971 -0.03527 -0.04124 -0.04760 -0.05433 -0.06141 -0.06878 -0.07639 -0.08416 -0.09199 -0.09976 -0.10733 -0.11455 -0.12124 -0.12723 -0.13231 -0.13631 -0.13906 -0.14041 -0.14027 -0.13857 -0.13530 -0.13053 -0.12438 -0.11702 -0.10868 -0.09963 -0.09017 -0.08059 -0.07118 -0.06216 -0.05370 -0.04589 -0.03873 -0.03213 -0.02593 -0.01995 -0.01404 -0.00829 -0.00325 -0.00046 0.00000 
0.00000 -0.00027 -0.00142 -0.00326 -0.00572 -0.00873 -0.01226 -0.01628 -0.02079 -0.02579 -0.03126 -0.03722 -0.04367 -0.05060 -0.05801 -0.06587 -0.07415 -0.08282 -0.09179 -0.10098 -0.11029 -0.11957 -0.12865 -0.13736 -0.14549 -0.15282 -0.15913 -0.16419 -0.16779 -0.16978 -0.17000 -0.16840 -0.16494 -0.15970 -0.15280 -0.14442 -0.13483 -0.12431 -0.11318 -0.10174 -0.09030 -0.07905 -0.06815 -0.05768 -0.04762 -0.03793 -0.02855 -0.01951 -0.01110 -0.00416 -0.00057 0.00000 
0.00000 -0.00028 -0.00144 -0.00331 -0.00581 -0.00888 -0.01249 -0.01663 -0.02128 -0.02646 -0.03217 -0.03843 -0.04524 -0.05262 -0.06057 -0.06909 -0.07816 -0.08774 -0.09780 -0.10825 -0.11900 -0.12991 -0.14083 -0.15157 -0.16190 -0.17158 -0.18036 -0.18797 -0.19413 -0.19861 -0.20119 -0.20171 -0.20007 -0.19624 -0.19027 -0.18231 -0.17254 -0.16124 -0.14873 -0.13534 -0.12141 -0.10722 -0.09298 -0.07886 -0.06496 -0.05137 -0.03818 -0.02562 -0.01425 -0.00518 -0.00069 0.00000 
0.00000 -0.00027 -0.00142 -0.00327 -0.00575 -0.00882 -0.01243 -0.01660 -0.02131 -0.02657 -0.03241 -0.03884 -0.04589 -0.05358 -0.06192 -0.07094 -0.08063 -0.09097 -0.10194 -0.11349 -0.12552 -0.13794 -0.15058 -0.16326 -0.17578 -0.18785 -0.19921 -0.20954 -0.21853 -0.22585 -0.23122 -0.23437 -0.23511 -0.23329 -0.22888 -0.22191 -0.21251 -0.20089 -0.18735 -0.17221 -0.15585 -0.13862 -0.12082 -0.10272 -0.08457 -0.06659 -0.04909 -0.03256 -0.01781 -0.00633 -0.00083 0.00000 
0.00000 -0.00025 -0.00136 -0.00314 -0.00555 -0.00854 -0.01209 -0.01619 -0.02086 -0.02610 -0.03195 -0.03843 -0.04557 -0.05342 -0.06199 -0.07132 -0.08143 -0.09233 -0.10400 -0.11642 -0.12953 -0.14323 -0.15741 -0.17188 -0.18645 -0.20086 -0.21480 -0.22795 -0.23994 -0.25040 -0.25895 -0.26524 -0.26896 -0.26985 -0.26772 -0.26251 -0.25422 -0.24296 -0.22895 -0.21249 -0.19394 -0.17372 -0.15224 -0.12986 -0.10699 -0.08408 -0.06169 -0.04058 -0.02194 -0.00768 -0.00099 0.00000 
0.00000 -0.00022 -0.00125 -0.00293 -0.00521 -0.00805 -0.01146 -0.01541 -0.01994 -0.02506 -0.03080 -0.03719 -0.04428 -0.05212 -0.06074 -0.07019 -0.08050 -0.09171 -0.10382 -0.11684 -0.13074 -0.14544 -0.16087 -0.17687 -0.19326 -0.20980 -0.22620 -0.24212 -0.25717 -0.27094 -0.28299 -0.29287 -0.30016 -0.30448 -0.30549 -0.30295 -0.29672 -0.28676 -0.27316 -0.25610 -0.23591 -0.21302 -0.18789 -0.16103 -0.13302 -0.10456 -0.07653 -0.05008 -0.02686 -0.00928 -0.00118 0.00000 
0.00000 -0.00018 -0.00110 -0.00263 -0.00473 -0.00737 -0.01056 -0.01429 -0.01859 -0.02348 -0.02899 -0.03517 -0.04206 -0.04971 -0.05818 -0.06753 -0.07781 -0.08906 -0.10132 -0.11462 -0.12896 -0.14431 -0.16061 -0.17775 -0.19560 -0.21394 -0.23250 -0.25098 -0.26897 -0.28605 -0.30174 -0.31553 -0.32688 -0.33530 -0.34030 -0.34147 -0.33846 -0.33103 -0.31906 -0.30259 -0.28175 -0.25688 -0.22850 -0.19720 -0.16372 -0.12907 -0.09450 -0.06170 -0.03292 -0.01128 -0.00142 0.00000 
0.00000 -0.00013 -0.00092 -0.00226 -0.00413 -0.00652 -0.00943 -0.01286 -0.01684 -0.02141 -0.02658 -0.03241 -0.03895 -0.04625 -0.05439 -0.06341 -0.07339 -0.08440 -0.09650 -0.10972 -0.12411 -0.13967 -0.15638 -0.17419 -0.19299 -0.21263 -0.23289 -0.25349 -0.27407 -0.29421 -0.31344 -0.33119 -0.34690 -0.35994 -0.36971 -0.37560 -0.37706 -0.37362 -0.36489 -0.35062 -0.33070 -0.30522 -0.27459 -0.23937 -0.20044 -0.15905 -0.11693 -0.07646 -0.04073 -0.01389 -0.00173 0.00000 
0.00000 -0.00007 -0.00071 -0.00183 -0.00344 -0.00553 -0.00810 -0.01117 -0.01477 -0.01892 -0.02365 -0.02902 -0.03507 -0.04186 -0.04946 -0.05794 -0.06738 -0.07786 -0.08945 -0.10221 -0.11622 -0.13151 -0.14811 -0.16601 -0.18515 -0.20544 -0.22673 -0.24879 -0.27133 -0.29399 -0.31630 -0.33775 -0.35772 -0.37558 -0.39059 -0.40203 -0.40915 -0.41123 -0.40758 -0.39762 -0.38086 -0.35701 -0.32600 -0.28830 -0.24465 -0.19641 -0.14578 -0.09595 -0.05129 -0.01750 -0.00215 0.00000 
0.00000 0.00000 -0.00047 -0.00136 -0.00268 -0.00443 -0.00663 -0.00930 -0.01245 -0.01611 -0.02032 -0.02511 -0.03055 -0.03668 -0.04358 -0.05131 -0.05997 -0.06962 -0.08037 -0.09230 -0.10549 -0.12001 -0.13592 -0.15326 -0.17203 -0.19219 -0.21366 -0.23630 -0.25990 -0.28417 -0.30873 -0.33313 -0.35681 -0.37913 -0.39936 -0.41670 -0.43028 -0.43917 -0.44243 -0.43910 -0.42828 -0.40911 -0.38096 -0.34357 -0.29730 -0.24323 -0.18370 -0.12271 -0.06633 -0.02280 -0.00278 0.00000 
0.00000 0.00007 -0.00023 -0.00088 -0.00189 -0.00329 -0.00509 -0.00731 -0.00997 -0.01309 -0.01671 -0.02085 -0.02556 -0.03091 -0.03695 -0.04375 -0.05139 -0.05997 -0.06958 -0.08030 -0.09224 -0.10548 -0.12013 -0.13623 -0.15385 -0.17302 -0.19370 -0.21585 -0.23935 -0.26401 -0.28957 -0.31568 -0.34188 -0.36765 -0.39230 -0.41509 -0.43512 -0.45140 -0.46283 -0.46818 -0.46616 -0.45535 -0.43438 -0.40196 -0.35735 -0.30070 -0.23363 -0.16036 -0.08876 -0.03109 -0.00375 0.00000 
0.00000 0.00014 0.00001 -0.00040 -0.00112 -0.00217 -0.00356 -0.00533 -0.00747 -0.01002 -0.01298 -0.01640 -0.02031 -0.02477 -0.02982 -0.03554 -0.04199 -0.04926 -0.05745 -0.06664 -0.07693 -0.08844 -0.10125 -0.11547 -0.13117 -0.14844 -0.16730 -0.18778 -0.20984 -0.23341 -0.25835 -0.28443 -0.31137 -0.33876 -0.36612 -0.39281 -0.41808 -0.44104 -0.46061 -0.47552 -0.48429 -0.48515 -0.47607 -0.45475 -0.41881 -0.36637 -0.29696 -0.21311 -0.12328 -0.04489 -0.00535 0.00000 
0.00000 0.00021 0.00022 0.00003 -0.00042 -0.00114 -0.00214 -0.00346 -0.00508 -0.00703 -0.00932 -0.01197 -0.01503 -0.01852 -0.02249 -0.02700 -0.03212 -0.03790 -0.04445 -0.05183 -0.06015 -0.06951 -0.08000 -0.09174 -0.10481 -0.11932 -0.13535 -0.15295 -0.17218 -0.19304 -0.21549 -0.23947 -0.26482 -0.29134 -0.31872 -0.34657 -0.37439 -0.40152 -0.42716 -0.45027 -0.46954 -0.48329 -0.48934 -0.48481 -0.46607 -0.42867 -0.36825 -0.28250 -0.17591 -0.06890 -0.00809 0.00000 
0.00000 0.00026 0.00038 0.00035 0.00013 -0.00030 -0.00095 -0.00183 -0.00294 -0.00430 -0.00591 -0.00778 -0.00995 -0.01244 -0.01527 -0.01850 -0.02218 -0.02636 -0.03110 -0.03648 -0.04257 -0.04946 -0.05723 -0.06599 -0.07582 -0.08683 -0.09909 -0.11272 -0.12777 -0.14432 -0.16240 -0.18205 -0.20322 -0.22589 -0.24993 -0.27519 -0.30144 -0.32835 -0.35553 -0.38239 -0.40817 -0.43180 -0.45171 -0.46554 -0.46969 -0.45863 -0.42434 -0.35677 -0.24845 -0.11032 -0.01266 0.00000 
0.00000 0.00026 0.00041 0.00048 0.00042 0.00022 -0.00012 -0.00060 -0.00124 -0.00202 -0.00296 -0.00406 -0.00534 -0.00681 -0.00849 -0.01041 -0.01260 -0.01510 -0.01795 -0.02119 -0.02489 -0.02909 -0.03387 -0.03928 -0.04540 -0.05230 -0.06007 -0.06878 -0.07850 -0.08931 -0.10127 -0.11446 -0.12891 -0.14466 -0.16173 -0.18013 -0.19982 -0.22076 -0.24289 -0.26610 -0.29023 -0.31506 -0.34017 -0.36477 -0.38725 -0.40417 -0.40850 -0.38652 -0.31482 -0.16930 -0.01886 0.00000 
0.00000 0.00017 0.00025 0.00031 0.00032 0.00029 0.00020 0.00005 -0.00014 -0.00039 -0.00069 -0.00104 -0.00145 -0.00193 -0.00247 -0.00309 -0.00380 -0.00462 -0.00555 -0.00663 -0.00785 -0.00926 -0.01087 -0.01270 -0.01480 -0.01719 -0.01990 -0.02297 -0.02644 -0.03035 -0.03473 -0.03962 -0.04508 -0.05113 -0.05781 -0.06518 -0.07326 -0.08212 -0.09181 -0.10242 -0.11406 -0.12694 -0.14133 -0.15769 -0.17661 -0.19877 -0.22405 -0.24863 -0.25472 -0.17620 -0.01956 0.00000 
0.00000 -0.00006 -0.00011 -0.00013 -0.00013 -0.00009 -0.00003 0.00007 0.00020 0.00036 0.00056 0.00079 0.00106 0.00137 0.00173 0.00213 0.00260 0.00313 0.00374 0.00443 0.00522 0.00612 0.00715 0.00831 0.00964 0.01114 0.01283 0.01473 0.01687 0.01925 0.02190 0.02484 0.02809 0.03165 0.03554 0.03977 0.04435 0.04929 0.05460 0.06030 0.06638 0.07290 0.07986 0.08731 0.09515 0.10299 0.10943 0.11004 0.09108 0.05797 0.02329 -0.00000 
0.00000 0.00000 0.00000 0.00000 0.00000 0.00000 0.00000 0.00000 0.00000 0.00000 0.00000 0.00000 0.00000 0.00000 0.00000 0.00000 0.00000 0.00000 0.00000 0.00000 0.00000 0.00000 0.00000 0.00000 0.00000 0.00000 0.00000 0.00000 0.00000 0.00000 0.00000 0.00000 0.00000 0.00000 0.00000 0.00000 0.00000 0.00000 0.00000 0.00000 0.00000 0.00000 0.00000 0.00000 0.00000 0.00000 0.00000 0.00000 0.00000 0.00000 0.00000 0.00000 
