-0.00000 0.00000 0.00000 0.00000 0.00000 0.00000 0.00000 0.00000 0.00000 0.00000 0.00000 0.00000 0.00000 0.00000 0.00000 0.00000 0.00000 0.00000 0.00000 0.00000 0.00000 0.00000 0.00000 0.00000 0.00000 0.00000 0.00000 0.00000 0.00000 0.00000 0.00000 0.00000 0.00000 0.00000 0.00000 0.00000 0.00000 0.00000 0.00000 0.00000 0.00000 0.00000 0.00000 0.00000 0.00000 0.00000 0.00000 0.00000 0.00000 0.00000 0.00000 2.00000 0.00000 
-0.00019 0.00019 0.00025 0.00020 0.00013 0.00004 -0.00004 -0.00011 -0.00019 -0.00025 -0.00032 -0.00038 -0.00044 -0.00050 -0.00055 -0.00060 -0.00065 -0.00069 -0.00073 -0.00077 -0.00080 -0.00082 -0.00084 -0.00086 -0.00087 -0.00088 -0.00089 -0.00089 -0.00090 -0.00090 -0.00092 -0.00094 -0.00098 -0.00104 -0.00114 -0.00128 -0.00149 -0.00178 -0.00220 -0.00279 -0.00363 -0.00483 -0.00657 -0.00914 -0.01305 -0.01914 -0.02881 -0.04370 -0.06141 -0.04629 0.23618 1.42046 0.00000 
-0.00024 0.00024 0.00029 0.00014 -0.00010 -0.00036 -0.00064 -0.00090 -0.00116 -0.00141 -0.00164 -0.00187 -0.00208 -0.00229 -0.00248 -0.00266 -0.00284 -0.00299 -0.00314 -0.00327 -0.00338 -0.00348 -0.00356 -0.00362 -0.00367 -0.00370 -0.00373 -0.00375 -0.00377 -0.00380 -0.00385 -0.00393 -0.00407 -0.00429 -0.00462 -0.00510 -0.00579 -0.00676 -0.00812 -0.00999 -0.01258 -0.01614 -0.02106 -0.02786 -0.03723 -0.04990 -0.06594 -0.08168 -0.07799 0.01955 0.43796 1.31508 0.00000 
-0.00022 0.00022 0.00016 -0.00018 -0.00064 -0.00117 -0.00171 -0.00225 -0.00278 -0.00329 -0.00377 -0.00424 -0.00469 -0.00512 -0.00552 -0.00590 -0.00626 -0.00659 -0.00689 -0.00716 -0.00740 -0.00760 -0.00777 -0.00791 -0.00801 -0.00809 -0.00814 -0.00818 -0.00823 -0.00828 -0.00838 -0.00854 -0.00881 -0.00922 -0.00984 -0.01074 -0.01202 -0.01380 -0.01625 -0.01957 -0.02404 -0.02998 -0.03779 -0.04788 -0.06045 -0.07489 -0.08797 -0.08880 -0.04573 0.12171 0.57162 1.20514 0.00000 
-0.00012 0.00012 -0.00017 -0.00076 -0.00152 -0.00237 -0.00324 -0.00411 -0.00497 -0.00580 -0.00660 -0.00737 -0.00811 -0.00881 -0.00948 -0.01011 -0.01071 -0.01125 -0.01175 -0.01220 -0.01260 -0.01294 -0.01322 -0.01345 -0.01362 -0.01375 -0.01384 -0.01390 -0.01396 -0.01404 -0.01417 -0.01440 -0.01477 -0.01536 -0.01625 -0.01754 -0.01936 -0.02187 -0.02527 -0.02980 -0.03572 -0.04331 -0.05279 -0.06412 -0.07656 -0.08767 -0.09081 -0.06993 0.01082 0.22045 0.65830 1.12970 0.00000 
0.00005 -0.00005 -0.00067 -0.00160 -0.00272 -0.00393 -0.00518 -0.00643 -0.00766 -0.00885 -0.01001 -0.01113 -0.01221 -0.01323 -0.01421 -0.01513 -0.01600 -0.01680 -0.01753 -0.01819 -0.01877 -0.01926 -0.01968 -0.02001 -0.02026 -0.02044 -0.02056 -0.02064 -0.02070 -0.02078 -0.02091 -0.02116 -0.02159 -0.02228 -0.02334 -0.02490 -0.02709 -0.03010 -0.03412 -0.03936 -0.04604 -0.05425 -0.06389 -0.07434 -0.08381 -0.08811 -0.07815 -0.03547 0.07427 0.30498 0.71620 1.08008 0.00000 
0.00029 -0.00029 -0.00133 -0.00268 -0.00420 -0.00583 -0.00749 -0.00915 -0.01078 -0.01238 -0.01393 -0.01542 -0.01686 -0.01824 -0.01956 -0.02080 -0.02196 -0.02304 -0.02403 -0.02492 -0.02570 -0.02638 -0.02693 -0.02738 -0.02771 -0.02794 -0.02808 -0.02815 -0.02819 -0.02823 -0.02832 -0.02852 -0.02892 -0.02961 -0.03070 -0.03233 -0.03465 -0.03783 -0.04204 -0.04742 -0.05406 -0.06185 -0.07032 -0.07820 -0.08279 -0.07858 -0.05510 0.00642 0.13618 0.37484 0.75661 1.04660 0.00000 
0.00057 -0.00057 -0.00213 -0.00395 -0.00594 -0.00801 -0.01011 -0.01220 -0.01427 -0.01629 -0.01825 -0.02014 -0.02197 -0.02373 -0.02540 -0.02698 -0.02847 -0.02985 -0.03111 -0.03224 -0.03325 -0.03410 -0.03481 -0.03537 -0.03578 -0.03605 -0.03620 -0.03624 -0.03622 -0.03617 -0.03615 -0.03623 -0.03649 -0.03704 -0.03800 -0.03949 -0.04165 -0.04464 -0.04858 -0.05353 -0.05941 -0.06590 -0.07213 -0.07632 -0.07501 -0.06188 -0.02594 0.05062 0.19332 0.43233 0.78611 1.02305 0.00000 
0.00091 -0.00091 -0.00304 -0.00540 -0.00788 -0.01043 -0.01300 -0.01555 -0.01805 -0.02051 -0.02289 -0.02521 -0.02744 -0.02958 -0.03163 -0.03356 -0.03539 -0.03708 -0.03863 -0.04003 -0.04125 -0.04231 -0.04317 -0.04384 -0.04433 -0.04462 -0.04475 -0.04474 -0.04461 -0.04441 -0.04421 -0.04407 -0.04408 -0.04435 -0.04498 -0.04610 -0.04784 -0.05029 -0.05354 -0.05754 -0.06207 -0.06656 -0.06985 -0.06969 -0.06214 -0.04043 0.00634 0.09433 0.24484 0.48004 0.80858 1.00573 0.00000 
0.00127 -0.00127 -0.00405 -0.00698 -0.00999 -0.01305 -0.01609 -0.01911 -0.02207 -0.02497 -0.02779 -0.03052 -0.03317 -0.03571 -0.03814 -0.04045 -0.04261 -0.04463 -0.04648 -0.04815 -0.04961 -0.05086 -0.05188 -0.05267 -0.05321 -0.05352 -0.05361 -0.05350 -0.05322 -0.05282 -0.05235 -0.05190 -0.05153 -0.05136 -0.05149 -0.05202 -0.05306 -0.05468 -0.05686 -0.05949 -0.06220 -0.06423 -0.06413 -0.05936 -0.04563 -0.01608 0.03973 0.13619 0.29095 0.52014 0.82635 0.99245 0.00000 
0.00166 -0.00166 -0.00512 -0.00866 -0.01223 -0.01581 -0.01935 -0.02284 -0.02626 -0.02961 -0.03286 -0.03603 -0.03908 -0.04203 -0.04485 -0.04753 -0.05006 -0.05241 -0.05457 -0.05651 -0.05821 -0.05967 -0.06084 -0.06174 -0.06234 -0.06264 -0.06266 -0.06242 -0.06194 -0.06127 -0.06047 -0.05959 -0.05874 -0.05799 -0.05744 -0.05718 -0.05729 -0.05779 -0.05862 -0.05955 -0.06011 -0.05936 -0.05566 -0.04624 -0.02667 0.00986 0.07304 0.17565 0.33220 0.55433 0.84084 0.98191 0.00000 
0.00207 -0.00207 -0.00623 -0.01041 -0.01456 -0.01866 -0.02271 -0.02667 -0.03056 -0.03435 -0.03805 -0.04164 -0.04511 -0.04847 -0.05168 -0.05475 -0.05763 -0.06033 -0.06280 -0.06503 -0.06698 -0.06864 -0.06997 -0.07097 -0.07161 -0.07190 -0.07183 -0.07142 -0.07069 -0.06970 -0.06847 -0.06709 -0.06563 -0.06416 -0.06279 -0.06156 -0.06054 -0.05971 -0.05894 -0.05794 -0.05613 -0.05243 -0.04506 -0.03113 -0.00614 0.03645 0.10559 0.21255 0.36922 0.58389 0.85297 0.97329 0.00000 
0.00248 -0.00248 -0.00738 -0.01219 -0.01693 -0.02157 -0.02612 -0.03056 -0.03491 -0.03915 -0.04328 -0.04729 -0.05119 -0.05495 -0.05857 -0.06201 -0.06527 -0.06831 -0.07111 -0.07363 -0.07584 -0.07771 -0.07920 -0.08030 -0.08098 -0.08123 -0.08104 -0.08043 -0.07942 -0.07803 -0.07632 -0.07435 -0.07217 -0.06988 -0.06754 -0.06519 -0.06288 -0.06053 -0.05799 -0.05490 -0.05057 -0.04386 -0.03286 -0.01462 0.01529 0.06308 0.13701 0.24694 0.40261 0.60977 0.86334 0.96605 0.00000 
0.00290 -0.00290 -0.00853 -0.01399 -0.01931 -0.02449 -0.02954 -0.03446 -0.03925 -0.04393 -0.04849 -0.05293 -0.05724 -0.06141 -0.06543 -0.06927 -0.07290 -0.07630 -0.07943 -0.08225 -0.08472 -0.08681 -0.08847 -0.08967 -0.09038 -0.09058 -0.09026 -0.08942 -0.08808 -0.08625 -0.08399 -0.08134 -0.07837 -0.07514 -0.07172 -0.06813 -0.06438 -0.06039 -0.05596 -0.05065 -0.04375 -0.03402 -0.01950 0.00279 0.03712 0.08939 0.16713 0.27897 0.43289 0.63267 0.87235 0.95985 0.00000 
0.00332 -0.00332 -0.00967 -0.01578 -0.02168 -0.02738 -0.03292 -0.03830 -0.04354 -0.04865 -0.05363 -0.05849 -0.06321 -0.06779 -0.07221 -0.07644 -0.08046 -0.08422 -0.08770 -0.09083 -0.09358 -0.09589 -0.09773 -0.09903 -0.09977 -0.09992 -0.09945 -0.09836 -0.09665 -0.09435 -0.09148 -0.08809 -0.08424 -0.07999 -0.07538 -0.07045 -0.06517 -0.05944 -0.05301 -0.04544 -0.03594 -0.02322 -0.00532 0.02072 0.05901 0.11511 0.19587 0.30883 0.46048 0.65315 0.88029 0.95445 0.00000 
0.00372 -0.00372 -0.01079 -0.01753 -0.02399 -0.03021 -0.03622 -0.04205 -0.04772 -0.05325 -0.05864 -0.06391 -0.06904 -0.07402 -0.07885 -0.08348 -0.08788 -0.09203 -0.09585 -0.09932 -0.10235 -0.10491 -0.10693 -0.10835 -0.10912 -0.10921 -0.10859 -0.10723 -0.10513 -0.10230 -0.09878 -0.09460 -0.08981 -0.08447 -0.07860 -0.07224 -0.06535 -0.05780 -0.04933 -0.03946 -0.02737 -0.01175 0.00938 0.03888 0.08073 0.14010 0.22323 0.33670 0.48577 0.67161 0.88736 0.94969 0.00000 
0.00412 -0.00412 -0.01187 -0.01921 -0.02621 -0.03292 -0.03939 -0.04565 -0.05174 -0.05767 -0.06346 -0.06913 -0.07466 -0.08005 -0.08528 -0.09032 -0.09512 -0.09965 -0.10385 -0.10765 -0.11100 -0.11382 -0.11603 -0.11758 -0.11840 -0.11844 -0.11765 -0.11601 -0.11351 -0.11014 -0.10593 -0.10091 -0.09513 -0.08863 -0.08145 -0.07360 -0.06504 -0.05562 -0.04508 -0.03290 -0.01826 0.00018 0.02436 0.05706 0.10208 0.16426 0.24924 0.36275 0.50903 0.68835 0.89371 0.94544 0.00000 
0.00449 -0.00450 -0.01290 -0.02082 -0.02833 -0.03550 -0.04240 -0.04906 -0.05554 -0.06186 -0.06804 -0.07410 -0.08002 -0.08582 -0.09145 -0.09690 -0.10211 -0.10704 -0.11163 -0.11579 -0.11947 -0.12256 -0.12500 -0.12670 -0.12758 -0.12757 -0.12663 -0.12471 -0.12179 -0.11786 -0.11294 -0.10705 -0.10024 -0.09255 -0.08400 -0.07462 -0.06435 -0.05304 -0.04041 -0.02595 -0.00879 0.01236 0.03942 0.07508 0.12295 0.18753 0.27393 0.38712 0.53050 0.70363 0.89946 0.94161 0.00000 
0.00485 -0.00485 -0.01386 -0.02231 -0.03030 -0.03790 -0.04520 -0.05224 -0.05909 -0.06578 -0.07233 -0.07875 -0.08507 -0.09126 -0.09730 -0.10316 -0.10879 -0.11414 -0.11912 -0.12367 -0.12770 -0.13110 -0.13378 -0.13565 -0.13662 -0.13659 -0.13551 -0.13332 -0.12999 -0.12549 -0.11985 -0.11307 -0.10520 -0.09629 -0.08635 -0.07541 -0.06340 -0.05019 -0.03548 -0.01874 0.00086 0.02462 0.05440 0.09280 0.14323 0.20987 0.29733 0.40995 0.55037 0.71762 0.90467 0.93814 0.00000 
0.00517 -0.00517 -0.01474 -0.02368 -0.03209 -0.04009 -0.04775 -0.05514 -0.06233 -0.06936 -0.07626 -0.08305 -0.08974 -0.09631 -0.10276 -0.10904 -0.11510 -0.12087 -0.12629 -0.13124 -0.13564 -0.13938 -0.14234 -0.14442 -0.14549 -0.14548 -0.14428 -0.14184 -0.13810 -0.13305 -0.12668 -0.11901 -0.11007 -0.09992 -0.08858 -0.07606 -0.06231 -0.04719 -0.03041 -0.01144 0.01054 0.03681 0.06916 0.11010 0.16284 0.23125 0.31949 0.43132 0.56878 0.73046 0.90942 0.93498 0.00000 
0.00546 -0.00546 -0.01553 -0.02490 -0.03369 -0.04204 -0.05002 -0.05773 -0.06522 -0.07256 -0.07979 -0.08692 -0.09397 -0.10093 -0.10778 -0.11448 -0.12098 -0.12719 -0.13305 -0.13844 -0.14325 -0.14735 -0.15063 -0.15294 -0.15417 -0.15420 -0.15292 -0.15025 -0.14614 -0.14055 -0.13346 -0.12491 -0.11491 -0.10352 -0.09077 -0.07667 -0.06118 -0.04417 -0.02534 -0.00419 0.02011 0.04878 0.08357 0.12687 0.18169 0.25163 0.34043 0.45133 0.58585 0.74225 0.91374 0.93209 0.00000 
0.00571 -0.00572 -0.01621 -0.02595 -0.03507 -0.04371 -0.05197 -0.05995 -0.06772 -0.07534 -0.08287 -0.09032 -0.09772 -0.10505 -0.11229 -0.11942 -0.12635 -0.13303 -0.13934 -0.14519 -0.15043 -0.15494 -0.15857 -0.16117 -0.16260 -0.16271 -0.16139 -0.15855 -0.15410 -0.14800 -0.14023 -0.13081 -0.11977 -0.10715 -0.09300 -0.07734 -0.06013 -0.04125 -0.02041 0.00289 0.02943 0.06041 0.09751 0.14300 0.19973 0.27099 0.36016 0.47002 0.60166 0.75308 0.91767 0.92945 0.00000 
0.00592 -0.00593 -0.01677 -0.02681 -0.03620 -0.04508 -0.05357 -0.06177 -0.06978 -0.07766 -0.08545 -0.09320 -0.10092 -0.10861 -0.11624 -0.12378 -0.13116 -0.13830 -0.14510 -0.15142 -0.15714 -0.16209 -0.16612 -0.16905 -0.17072 -0.17098 -0.16968 -0.16671 -0.16197 -0.15541 -0.14700 -0.13676 -0.12470 -0.11089 -0.09537 -0.07817 -0.05927 -0.03854 -0.01573 0.00966 0.03837 0.07157 0.11087 0.15841 0.21687 0.28927 0.37866 0.48741 0.61626 0.76299 0.92122 0.92703 0.00000 
0.00609 -0.00609 -0.01720 -0.02747 -0.03705 -0.04611 -0.05478 -0.06317 -0.07137 -0.07946 -0.08749 -0.09550 -0.10352 -0.11155 -0.11956 -0.12751 -0.13534 -0.14295 -0.15024 -0.15707 -0.16328 -0.16872 -0.17319 -0.17650 -0.17848 -0.17895 -0.17773 -0.17469 -0.16974 -0.16278 -0.15380 -0.14278 -0.12977 -0.11481 -0.09796 -0.07926 -0.05870 -0.03617 -0.01143 0.01599 0.04680 0.08213 0.12352 0.17299 0.23303 0.30644 0.39593 0.50353 0.62967 0.77202 0.92440 0.92482 0.00000 
0.00620 -0.00620 -0.01749 -0.02790 -0.03761 -0.04680 -0.05559 -0.06411 -0.07245 -0.08071 -0.08894 -0.09719 -0.10548 -0.11382 -0.12219 -0.13054 -0.13880 -0.14689 -0.15468 -0.16204 -0.16878 -0.17474 -0.17970 -0.18346 -0.18581 -0.18654 -0.18549 -0.18247 -0.17737 -0.17010 -0.16061 -0.14890 -0.13499 -0.11895 -0.10083 -0.08068 -0.05852 -0.03424 -0.00763 0.02175 0.05460 0.09197 0.13535 0.18662 0.24813 0.32242 0.41192 0.51836 0.64191 0.78016 0.92722 0.92282 0.00000 
0.00625 -0.00625 -0.01763 -0.02810 -0.03787 -0.04711 -0.05596 -0.06456 -0.07300 -0.08138 -0.08977 -0.09822 -0.10675 -0.11537 -0.12407 -0.13280 -0.14149 -0.15005 -0.15835 -0.16624 -0.17354 -0.18005 -0.18555 -0.18981 -0.19260 -0.19369 -0.19288 -0.18998 -0.18483 -0.17735 -0.16745 -0.15513 -0.14042 -0.12337 -0.10406 -0.08255 -0.05884 -0.03289 -0.00447 0.02681 0.06162 0.10096 0.14623 0.19921 0.26206 0.33713 0.42658 0.53187 0.65296 0.78741 0.92967 0.92101 0.00000 
0.00625 -0.00625 -0.01760 -0.02805 -0.03780 -0.04703 -0.05589 -0.06451 -0.07300 -0.08146 -0.08996 -0.09856 -0.10729 -0.11616 -0.12515 -0.13423 -0.14333 -0.15235 -0.16115 -0.16959 -0.17746 -0.18455 -0.19064 -0.19546 -0.19876 -0.20030 -0.19982 -0.19714 -0.19206 -0.18447 -0.17428 -0.16148 -0.14607 -0.12813 -0.10772 -0.08492 -0.05977 -0.03220 -0.00206 0.03105 0.06774 0.10896 0.15602 0.21061 0.27472 0.35048 0.43983 0.54400 0.66278 0.79376 0.93174 0.91941 0.00000 
0.00618 -0.00618 -0.01742 -0.02776 -0.03741 -0.04656 -0.05536 -0.06394 -0.07242 -0.08091 -0.08948 -0.09818 -0.10706 -0.11613 -0.12539 -0.13479 -0.14426 -0.15371 -0.16301 -0.17198 -0.18044 -0.18814 -0.19485 -0.20029 -0.20417 -0.20624 -0.20621 -0.20386 -0.19898 -0.19141 -0.18108 -0.16792 -0.15196 -0.13324 -0.11186 -0.08789 -0.06139 -0.03232 -0.00053 0.03432 0.07280 0.11582 0.16460 0.22070 0.28598 0.36236 0.45159 0.55468 0.67132 0.79917 0.93340 0.91801 0.00000 
0.00606 -0.00606 -0.01707 -0.02721 -0.03669 -0.04569 -0.05436 -0.06285 -0.07128 -0.07973 -0.08831 -0.09707 -0.10605 -0.11527 -0.12473 -0.13440 -0.14421 -0.15406 -0.16383 -0.17333 -0.18236 -0.19069 -0.19806 -0.20416 -0.20870 -0.21139 -0.21191 -0.21002 -0.20547 -0.19810 -0.18777 -0.17442 -0.15806 -0.13874 -0.11653 -0.09153 -0.06380 -0.03333 -0.00000 0.03649 0.07668 0.12140 0.17180 0.22933 0.29569 0.37265 0.46175 0.56383 0.67852 0.80358 0.93465 0.91683 0.00000 
0.00587 -0.00587 -0.01655 -0.02641 -0.03564 -0.04443 -0.05292 -0.06126 -0.06956 -0.07793 -0.08646 -0.09521 -0.10423 -0.11355 -0.12316 -0.13305 -0.14314 -0.15334 -0.16353 -0.17353 -0.18313 -0.19209 -0.20013 -0.20694 -0.21220 -0.21559 -0.21679 -0.21549 -0.21143 -0.20441 -0.19427 -0.18092 -0.16435 -0.14460 -0.12174 -0.09587 -0.06707 -0.03534 -0.00060 0.03741 0.07920 0.12553 0.17745 0.23633 0.30371 0.38120 0.47017 0.57134 0.68428 0.80695 0.93545 0.91586 0.00000 
0.00562 -0.00562 -0.01588 -0.02537 -0.03428 -0.04279 -0.05103 -0.05916 -0.06729 -0.07552 -0.08393 -0.09262 -0.10161 -0.11096 -0.12065 -0.13068 -0.14099 -0.15149 -0.16205 -0.17250 -0.18264 -0.19221 -0.20093 -0.20848 -0.21452 -0.21869 -0.22066 -0.22009 -0.21669 -0.21020 -0.20045 -0.18732 -0.17076 -0.15080 -0.12751 -0.10097 -0.07128 -0.03846 -0.00246 0.03695 0.08021 0.12804 0.18139 0.24152 0.30985 0.38784 0.47670 0.57706 0.68850 0.80918 0.93576 0.91514 0.00000 
0.00532 -0.00532 -0.01506 -0.02410 -0.03263 -0.04079 -0.04874 -0.05660 -0.06449 -0.07251 -0.08076 -0.08930 -0.09820 -0.10750 -0.11720 -0.12730 -0.13774 -0.14845 -0.15931 -0.17016 -0.18078 -0.19093 -0.20032 -0.20861 -0.21547 -0.22050 -0.22335 -0.22365 -0.22106 -0.21531 -0.20617 -0.19349 -0.17719 -0.15728 -0.13379 -0.10683 -0.07647 -0.04277 -0.00569 0.03496 0.07956 0.12874 0.18342 0.24471 0.31393 0.39238 0.48118 0.58086 0.69106 0.81020 0.93555 0.91467 0.00000 
0.00497 -0.00497 -0.01411 -0.02263 -0.03070 -0.03847 -0.04606 -0.05359 -0.06119 -0.06895 -0.07696 -0.08530 -0.09403 -0.10320 -0.11282 -0.12289 -0.13338 -0.14422 -0.15529 -0.16644 -0.17747 -0.18815 -0.19817 -0.20720 -0.21489 -0.22083 -0.22465 -0.22594 -0.22433 -0.21951 -0.21122 -0.19925 -0.18349 -0.16391 -0.14053 -0.11342 -0.08266 -0.04832 -0.01038 0.03130 0.07706 0.12746 0.18333 0.24568 0.31571 0.39462 0.48339 0.58256 0.69181 0.80990 0.93479 0.91448 0.00000 
0.00457 -0.00457 -0.01303 -0.02098 -0.02854 -0.03586 -0.04304 -0.05020 -0.05745 -0.06489 -0.07260 -0.08066 -0.08914 -0.09809 -0.10754 -0.11749 -0.12792 -0.13877 -0.14994 -0.16130 -0.17265 -0.18377 -0.19435 -0.20408 -0.21259 -0.21948 -0.22433 -0.22672 -0.22626 -0.22257 -0.21536 -0.20438 -0.18947 -0.17054 -0.14759 -0.12066 -0.08983 -0.05515 -0.01663 0.02585 0.07256 0.12399 0.18089 0.24419 0.31496 0.39430 0.48312 0.58194 0.69059 0.80818 0.93343 0.91458 0.00000 
0.00413 -0.00413 -0.01186 -0.01918 -0.02619 -0.03301 -0.03974 -0.04648 -0.05333 -0.06039 -0.06773 -0.07544 -0.08359 -0.09224 -0.10141 -0.11114 -0.12139 -0.13214 -0.14329 -0.15473 -0.16628 -0.17772 -0.18878 -0.19914 -0.20843 -0.21624 -0.22216 -0.22574 -0.22655 -0.22419 -0.21831 -0.20860 -0.19486 -0.17694 -0.15480 -0.12844 -0.09791 -0.06325 -0.02448 0.01851 0.06589 0.11813 0.17588 0.23997 0.31139 0.39115 0.48010 0.57878 0.68721 0.80491 0.93141 0.91499 0.00000 
0.00367 -0.00367 -0.01062 -0.01726 -0.02369 -0.02997 -0.03621 -0.04249 -0.04890 -0.05552 -0.06243 -0.06973 -0.07747 -0.08572 -0.09452 -0.10390 -0.11386 -0.12437 -0.13537 -0.14675 -0.15835 -0.16998 -0.18138 -0.19225 -0.20224 -0.21094 -0.21792 -0.22273 -0.22492 -0.22405 -0.21971 -0.21156 -0.19932 -0.18281 -0.16189 -0.13654 -0.10674 -0.07254 -0.03392 0.00918 0.05692 0.10968 0.16803 0.23274 0.30471 0.38486 0.47403 0.57282 0.68145 0.79993 0.92867 0.91575 0.00000 
0.00319 -0.00319 -0.00933 -0.01528 -0.02109 -0.02681 -0.03253 -0.03831 -0.04423 -0.05037 -0.05680 -0.06361 -0.07087 -0.07863 -0.08696 -0.09589 -0.10543 -0.11557 -0.12625 -0.13741 -0.14890 -0.16055 -0.17214 -0.18338 -0.19393 -0.20341 -0.21140 -0.21744 -0.22105 -0.22178 -0.21919 -0.21286 -0.20246 -0.18774 -0.16850 -0.14464 -0.11610 -0.08286 -0.04490 -0.00215 0.04553 0.09844 0.15710 0.22220 0.29456 0.37507 0.46457 0.56373 0.67305 0.79306 0.92514 0.91688 0.00000 
0.00270 -0.00270 -0.00802 -0.01326 -0.01844 -0.02359 -0.02877 -0.03402 -0.03942 -0.04503 -0.05093 -0.05719 -0.06390 -0.07110 -0.07887 -0.08723 -0.09622 -0.10585 -0.11607 -0.12683 -0.13803 -0.14951 -0.16109 -0.17250 -0.18345 -0.19356 -0.20243 -0.20962 -0.21465 -0.21704 -0.21632 -0.21203 -0.20378 -0.19124 -0.17415 -0.15231 -0.12559 -0.09392 -0.05723 -0.01542 0.03168 0.08427 0.14284 0.20802 0.28058 0.36139 0.45130 0.55114 0.66170 0.78408 0.92072 0.91842 0.00000 
0.00222 -0.00222 -0.00673 -0.01127 -0.01581 -0.02038 -0.02499 -0.02970 -0.03455 -0.03960 -0.04493 -0.05061 -0.05669 -0.06326 -0.07037 -0.07808 -0.08640 -0.09537 -0.10498 -0.11517 -0.12588 -0.13700 -0.14834 -0.15971 -0.17082 -0.18135 -0.19092 -0.19912 -0.20546 -0.20948 -0.21068 -0.20858 -0.20273 -0.19272 -0.17822 -0.15895 -0.13468 -0.10527 -0.07055 -0.03039 0.01542 0.06709 0.12503 0.18987 0.26235 0.34333 0.43374 0.53458 0.64698 0.77271 0.91530 0.92041 0.00000 
0.00176 -0.00176 -0.00549 -0.00933 -0.01325 -0.01724 -0.02129 -0.02544 -0.02972 -0.03420 -0.03892 -0.04397 -0.04939 -0.05527 -0.06165 -0.06860 -0.07616 -0.08436 -0.09319 -0.10265 -0.11269 -0.12321 -0.13409 -0.14515 -0.15616 -0.16685 -0.17687 -0.18583 -0.19331 -0.19882 -0.20189 -0.20202 -0.19870 -0.19150 -0.17999 -0.16381 -0.14264 -0.11621 -0.08429 -0.04663 -0.00298 0.04696 0.10356 0.16746 0.23941 0.32034 0.41129 0.51346 0.62840 0.75856 0.90870 0.92289 0.00000 
0.00133 -0.00133 -0.00432 -0.00751 -0.01083 -0.01424 -0.01773 -0.02132 -0.02504 -0.02892 -0.03303 -0.03741 -0.04214 -0.04728 -0.05289 -0.05902 -0.06572 -0.07303 -0.08097 -0.08954 -0.09871 -0.10843 -0.11860 -0.12909 -0.13972 -0.15025 -0.16040 -0.16982 -0.17813 -0.18490 -0.18965 -0.19190 -0.19114 -0.18687 -0.17864 -0.16598 -0.14850 -0.12581 -0.09757 -0.06341 -0.02297 0.02421 0.07850 0.14060 0.21137 0.29183 0.38321 0.48701 0.60524 0.74111 0.90069 0.92594 0.00000 
0.00095 -0.00095 -0.00325 -0.00583 -0.00858 -0.01144 -0.01439 -0.01743 -0.02058 -0.02387 -0.02735 -0.03107 -0.03510 -0.03947 -0.04427 -0.04953 -0.05532 -0.06167 -0.06861 -0.07615 -0.08430 -0.09303 -0.10226 -0.11191 -0.12185 -0.13189 -0.14180 -0.15131 -0.16008 -0.16772 -0.17383 -0.17794 -0.17955 -0.17818 -0.17331 -0.16446 -0.15113 -0.13285 -0.10916 -0.07956 -0.04352 -0.00045 0.05026 0.10936 0.17790 0.25714 0.34862 0.45423 0.57653 0.71961 0.89093 0.92963 0.00000 
0.00061 -0.00061 -0.00232 -0.00434 -0.00656 -0.00890 -0.01132 -0.01383 -0.01643 -0.01914 -0.02201 -0.02508 -0.02840 -0.03201 -0.03599 -0.04037 -0.04520 -0.05054 -0.05641 -0.06284 -0.06985 -0.07742 -0.08551 -0.09409 -0.10304 -0.11225 -0.12155 -0.13071 -0.13948 -0.14755 -0.15454 -0.16007 -0.16368 -0.16492 -0.16327 -0.15824 -0.14930 -0.13590 -0.11748 -0.09343 -0.06308 -0.02563 0.01985 0.07430 0.13905 0.21577 0.30651 0.41377 0.54089 0.69292 0.87887 0.93405 0.00000 
0.00034 -0.00034 -0.00154 -0.00307 -0.00480 -0.00666 -0.00859 -0.01060 -0.01267 -0.01483 -0.01711 -0.01955 -0.02218 -0.02506 -0.02823 -0.03174 -0.03563 -0.03994 -0.04472 -0.04999 -0.05577 -0.06207 -0.06889 -0.07618 -0.08391 -0.09199 -0.10030 -0.10870 -0.11698 -0.12492 -0.13223 -0.13859 -0.14362 -0.14693 -0.14806 -0.14654 -0.14186 -0.13345 -0.12072 -0.10297 -0.07941 -0.04909 -0.01081 0.03686 0.09558 0.16766 0.25595 0.36400 0.49632 0.65927 0.86363 0.93934 0.00000 
0.00013 -0.00013 -0.00092 -0.00203 -0.00334 -0.00475 -0.00624 -0.00777 -0.00936 -0.01101 -0.01274 -0.01459 -0.01658 -0.01877 -0.02118 -0.02385 -0.02683 -0.03016 -0.03385 -0.03796 -0.04250 -0.04749 -0.05294 -0.05884 -0.06516 -0.07186 -0.07888 -0.08612 -0.09346 -0.10073 -0.10773 -0.11423 -0.11995 -0.12457 -0.12773 -0.12904 -0.12805 -0.12426 -0.11709 -0.10588 -0.08979 -0.06779 -0.03851 -0.00014 0.04964 0.11384 0.19660 0.30315 0.44006 0.61590 0.84372 0.94560 0.00000 
0.00000 -0.00000 -0.00048 -0.00124 -0.00217 -0.00320 -0.00428 -0.00539 -0.00654 -0.00772 -0.00896 -0.01028 -0.01170 -0.01326 -0.01498 -0.01690 -0.01904 -0.02144 -0.02413 -0.02713 -0.03047 -0.03418 -0.03825 -0.04271 -0.04754 -0.05273 -0.05825 -0.06405 -0.07005 -0.07617 -0.08228 -0.08822 -0.09382 -0.09886 -0.10309 -0.10622 -0.10791 -0.10779 -0.10540 -0.10018 -0.09141 -0.07813 -0.05899 -0.03205 0.00551 0.05762 0.12988 0.23014 0.36869 0.55844 0.81650 0.95291 0.00000 
-0.00006 0.00006 -0.00020 -0.00069 -0.00131 -0.00200 -0.00272 -0.00347 -0.00423 -0.00501 -0.00583 -0.00669 -0.00762 -0.00864 -0.00977 -0.01102 -0.01243 -0.01402 -0.01581 -0.01782 -0.02007 -0.02258 -0.02537 -0.02845 -0.03181 -0.03548 -0.03942 -0.04363 -0.04808 -0.05271 -0.05747 -0.06228 -0.06702 -0.07159 -0.07584 -0.07959 -0.08266 -0.08479 -0.08572 -0.08507 -0.08237 -0.07690 -0.06762 -0.05285 -0.02988 0.00575 0.06101 0.14678 0.27927 0.48043 0.77718 0.96095 0.00000 
-0.00006 0.00006 -0.00007 -0.00035 -0.00072 -0.00113 -0.00156 -0.00200 -0.00245 -0.00290 -0.00337 -0.00387 -0.00440 -0.00498 -0.00563 -0.00635 -0.00717 -0.00809 -0.00913 -0.01030 -0.01163 -0.01312 -0.01479 -0.01664 -0.01869 -0.02094 -0.02340 -0.02606 -0.02891 -0.03194 -0.03512 -0.03843 -0.04182 -0.04523 -0.04861 -0.05188 -0.05496 -0.05775 -0.06013 -0.06195 -0.06300 -0.06297 -0.06131 -0.05701 -0.04815 -0.03109 0.00122 0.06172 0.17340 0.37416 0.71694 0.96853 0.00000 
-0.00001 0.00001 -0.00005 -0.00018 -0.00035 -0.00055 -0.00076 -0.00097 -0.00118 -0.00139 -0.00161 -0.00183 -0.00207 -0.00234 -0.00263 -0.00296 -0.00333 -0.00376 -0.00424 -0.00479 -0.00541 -0.00611 -0.00690 -0.00779 -0.00878 -0.00988 -0.01109 -0.01242 -0.01387 -0.01543 -0.01710 -0.01887 -0.02075 -0.02270 -0.02471 -0.02678 -0.02887 -0.03098 -0.03309 -0.03520 -0.03730 -0.03938 -0.04137 -0.04307 -0.04382 -0.04184 -0.03265 -0.00526 0.06591 0.23728 0.62090 0.97365 0.00000 
0.00005 -0.00005 -0.00007 -0.00010 -0.00015 -0.00021 -0.00027 -0.00033 -0.00039 -0.00045 -0.00051 -0.00057 -0.00064 -0.00071 -0.00079 -0.00088 -0.00098 -0.00110 -0.00124 -0.00139 -0.00157 -0.00177 -0.00200 -0.00226 -0.00255 -0.00288 -0.00324 -0.00365 -0.00409 -0.00458 -0.00512 -0.00570 -0.00632 -0.00699 -0.00771 -0.00847 -0.00928 -0.01015 -0.01109 -0.01212 -0.01330 -0.01468 -0.01639 -0.01859 -0.02147 -0.02504 -0.02841 -0.02728 -0.00562 0.09272 0.47461 0.91452 0.00000 
-0.00000 -0.00008 -0.00008 -0.00008 -0.00009 -0.00010 -0.00011 -0.00011 -0.00012 -0.00013 -0.00014 -0.00014 -0.00015 -0.00016 -0.00017 -0.00018 -0.00019 -0.00021 -0.00023 -0.00025 -0.00027 -0.00029 -0.00032 -0.00035 -0.00039 -0.00043 -0.00048 -0.00053 -0.00058 -0.00064 -0.00071 -0.00078 -0.00086 -0.00094 -0.00103 -0.00113 -0.00123 -0.00133 -0.00145 -0.00158 -0.00172 -0.00190 -0.00211 -0.00238 -0.00273 -0.00317 -0.00358 -0.00344 -0.00077 0.01212 0.32509 1.20438 0.00000 
-0.00000 0.00000 0.00000 0.00000 0.00000 0.00000 0.00000 0.00000 0.00000 0.00000 0.00000 0.00000 0.00000 0.00000 0.00000 0.00000 0.00000 0.00000 0.00000 0.00000 0.00000 0.00000 0.00000 0.00000 0.00000 0.00000 0.00000 0.00000 0.00000 0.00000 0.00000 0.00000 0.00000 0.00000 0.00000 0.00000 0.00000 0.00000 0.00000 0.00000 0.00000 0.00000 0.00000 0.00000 0.00000 0.00000 0.00000 0.00000 0.00000 0.00000 0.00000 2.00000 0.00000 
